ID	Antibiotic Resistance	B-Lactamase	Integron	SS	T4SS	Transposon	Metal Resistance	Copper Resistance	Phage	Hypotethical Protein	Features
pVA04-6	1	0	0	0	0	0	0	0	0	3	7
pVA04-46	0	1	0	5	3	6	1	0	0	34	65
pVA04-58	21	8	4	1	0	14	0	0	0	35	104
pVA04-196	17	5	9	0	0	36	8	7	1	102	258
pVA126-12	2	0	0	0	0	0	0	0	0	8	18
pVA126-42	12	4	2	1	0	10	0	0	0	18	63
pVA126-68	8	4	10	5	3	13	1	0	0	36	98
pVA126-175	11	4	0	0	1	32	8	7	1	102	231
pVA126-339	1	0	0	0	3	1	2	0	4	175	369
pVA172-67	5	2	0	4	3	7	0	0	1	52	102
pVA172-90	16	5	3	10	1	12	0	0	0	51	128
pVA32-7	0	0	0	0	0	0	0	0	0	5	28
pVA32-58	11	3	9	8	1	5	0	0	0	33	90
pVA32-74	6	4	0	4	3	8	0	0	0	53	108
pVA32-104	0	0	0	0	2	14	0	0	0	69	136
pVA32-200	19	3	7	0	0	41	8	7	1	93	260
pVA564-33	0	0	0	4	3	1	2	0	0	33	49
pVA564-37	11	4	2	1	0	10	0	0	0	14	52
pVA564-63	1	0	0	3	2	5	0	0	0	51	90
pVA564-179	13	4	2	0	0	33	8	7	2	97	234
pVA569-6	3	2	0	0	0	0	0	0	0	1	7
pVA569-7	0	0	0	0	0	0	0	0	0	4	27
pVA569-35	8	2	2	1	0	9	0	0	0	16	52
pVA569-78	7	2	2	0	0	19	0	0	2	45	107
pVA591-7	0	0	0	0	0	1	0	0	0	3	18
pVA591-9	0	0	0	0	0	1	0	0	0	2	32
pVA591-46	0	1	0	5	3	6	1	0	0	34	65
pVA591-160	6	2	0	0	0	30	8	7	2	67	187
pVA681-5	0	0	0	0	0	1	0	0	0	4	25
pVA681-14	5	2	0	0	0	2	0	0	0	2	24
pVA681-36	0	0	0	5	2	2	1	0	0	38	59
pVA681-58	10	3	3	8	1	5	0	0	1	34	89
pVA681-191	17	3	13	0	0	38	8	7	1	86	241
pVA684-2	0	0	0	0	0	0	0	0	0	2	5
pVA684-6	0	0	0	0	0	2	0	0	0	5	25
pVA684-8	0	0	0	0	0	2	0	0	0	6	44
pVA684-49	0	1	0	5	3	5	1	0	0	35	65
pVA684-146	0	0	0	1	0	3	1	7	1	74	166
pVA684-388	3	0	0	2	0	44	3	0	4	254	426
pVA833-7	1	0	0	0	0	0	0	0	0	3	8
pVA833-92	11	7	3	2	2	10	0	0	1	69	141
pVA833-165	8	3	0	0	0	14	6	0	2	139	212
pVA833-176	15	2	2	0	0	27	8	7	1	96	229
Total	249	81	73	75	36	469	75	56	25	2083	4744
