ID	Antibiotic Resistance	B-Lactamase	Integron	SS	T4SS	Transposon	Metal Resistance	Copper Resistance	Phage	Hypothetical proteins	Features
pVA04-6	0	0	0	0	0	0	0	0	0	4	9
pVA04-46	0	1	0	6	6	4	0	0	0	32	70
pVA04-58	13	5	14	0	0	4	0	0	1	36	128
pVA04-196	18	6	9	0	0	16	4	13	2	98	310
pVA126-12	1	0	0	0	0	0	0	0	0	9	20
pVA126-42	10	3	6	0	0	5	0	0	2	18	75
pVA126-68	8	3	5	6	6	9	0	0	2	39	118
pVA126-175	12	4	4	0	0	11	4	13	1	96	275
pVA126-339	2	0	0	0	0	2	0	1	36	107	369
pVA172-67	4	2	0	0	0	3	0	0	1	44	101
pVA172-90	16	6	9	6	5	6	0	0	2	71	165
pVA32-7	0	0	0	0	0	0	0	0	0	9	13
pVA32-58	12	3	9	5	5	2	0	0	0	45	108
pVA32-74	5	4	0	0	0	4	0	0	1	44	110
pVA32-104	0	0	0	0	0	9	0	0	2	60	151
pVA32-200	17	4	12	0	0	16	4	13	0	93	304
pVA564-33	0	0	0	6	6	0	0	0	0	37	55
pVA564-37	8	3	6	0	0	4	0	0	1	17	72
pVA564-63	1	0	0	0	0	4	0	0	0	44	88
pVA564-179	13	4	7	0	0	13	4	13	1	98	278
pVA569-6	4	2	0	0	0	0	0	0	0	3	10
pVA569-7	0	0	0	0	0	0	0	0	0	7	10
pVA569-35	5	1	6	0	0	5	0	0	2	14	65
pVA569-78	5	2	6	0	0	7	0	0	0	50	145
pVA591-7	0	0	0	0	0	1	0	0	0	6	12
pVA591-9	0	0	0	0	0	1	0	0	0	7	13
pVA591-46	0	1	0	6	6	4	0	0	0	33	73
pVA591-160	8	2	0	0	0	12	4	13	1	76	227
pVA681-5	0	0	0	0	0	1	0	0	0	5	8
pVA681-14	7	2	0	0	0	1	0	0	0	0	21
pVA681-36	0	0	0	6	6	1	0	0	0	43	65
pVA681-58	9	3	8	5	5	1	0	0	0	48	106
pVA681-191	16	4	12	0	0	15	4	13	0	85	267
pVA684-2	0	0	0	0	0	0	0	0	0	1	1
pVA684-6	0	0	0	0	0	1	0	0	0	8	15
pVA684-8	0	0	0	0	0	0	0	0	0	12	17
pVA684-49	0	1	0	6	6	4	0	0	0	34	72
pVA684-146	1	0	0	0	0	2	1	13	0	72	185
pVA684-388	4	0	0	0	0	22	7	0	5	254	520
pVA833-7	1	0	0	0	0	0	0	0	0	3	9
pVA833-92	11	7	7	0	0	2	0	0	3	75	152
pVA833-165	9	4	0	0	1	4	8	0	2	121	228
pVA833-176	15	2	10	0	0	13	4	13	3	91	276
Total	235	79	130	52	52	209	44	105	68	2049	5316
